=== Q3: Sorting Benchmark ===
TreapSort vs PQSort vs Collections.sort vs QuickSort vs MergeSort
Each measurement is the average of 5 runs after 3 warmup runs.

========================================
Input Pattern: Random
========================================
n        |   TreapSort (us) |      PQSort (us) | Collections.sort(us) |   QuickSort (us) |   MergeSort (us)
----------------------------------------------------------------------------------------------------------
100      |          205.320 |          174.040 |               31.200 |           29.320 |           41.400
200      |          158.400 |          105.460 |               70.900 |            7.540 |           18.200
300      |          209.300 |          119.760 |              101.880 |           13.020 |          177.080
400      |          289.280 |          115.440 |              109.740 |           16.040 |           20.240
500      |          400.620 |           88.660 |              106.720 |           10.300 |           30.240
600      |          416.420 |          118.360 |               88.180 |           15.680 |           20.880
700      |          409.760 |          113.040 |              112.100 |           17.040 |           26.200
800      |          311.980 |          126.680 |              127.380 |           46.660 |           41.240
900      |          376.580 |          163.880 |              147.200 |           38.240 |           47.380
1000     |          379.720 |          108.500 |              158.520 |           32.540 |           52.400
1500     |          515.340 |          165.900 |              276.440 |           79.620 |          112.620
2000     |          538.400 |          348.060 |              257.820 |           99.500 |          140.780
2500     |          670.060 |          348.080 |              362.100 |          141.820 |          188.100
3000     |          869.720 |          392.040 |              431.660 |          176.820 |          254.380
3500     |          909.240 |          523.880 |              494.760 |          192.760 |          290.760
4000     |         1168.800 |          552.180 |              602.680 |          235.980 |          348.640
4500     |         1154.480 |          715.440 |              525.520 |          265.040 |          408.540
5000     |         1707.140 |          720.560 |              670.800 |          287.960 |          422.620
5500     |         1433.620 |          857.120 |              751.240 |          350.580 |          451.680
6000     |         1792.820 |          929.160 |              740.280 |          386.240 |          530.440
6500     |         1813.280 |          888.520 |              878.020 |          437.600 |          578.180
7000     |         2025.220 |         1049.960 |              918.660 |          462.020 |          634.920
7500     |         2110.680 |         1255.160 |             1426.800 |          542.520 |          745.620
8000     |         2902.340 |         1308.420 |             1146.200 |          622.740 |          934.660
8500     |         2518.940 |         1407.020 |             1451.460 |          624.920 |          868.580
9000     |         3203.640 |         1460.380 |             1084.760 |          591.020 |          870.220
9500     |         3113.740 |         1596.400 |             1227.000 |          628.120 |         1021.500
10000    |         3454.320 |         1872.500 |             1376.620 |          711.480 |          981.700

========================================
Input Pattern: Nearly Sorted
========================================
n        |   TreapSort (us) |      PQSort (us) | Collections.sort(us) |   QuickSort (us) |   MergeSort (us)
----------------------------------------------------------------------------------------------------------
100      |           18.380 |            3.820 |               26.420 |            0.640 |            2.220
200      |           33.320 |           10.840 |               17.360 |            1.420 |            4.760
300      |           50.440 |           17.600 |               21.360 |            2.000 |            8.260
400      |           77.540 |           30.360 |              116.740 |            7.020 |           13.040
500      |           88.260 |           27.080 |               30.160 |            3.420 |           19.540
600      |          106.800 |           48.480 |               34.740 |            4.800 |           18.740
700      |          125.260 |           54.680 |               44.980 |            6.360 |           21.240
800      |          154.820 |           90.300 |               49.060 |            7.220 |           35.220
900      |          179.500 |           81.880 |               85.060 |            7.880 |           29.040
1000     |          192.840 |           86.040 |               68.740 |           10.160 |           36.580
1500     |          354.280 |          137.880 |              115.900 |           16.140 |           55.460
2000     |          426.960 |          196.500 |              136.240 |           29.800 |           88.120
2500     |          460.580 |          267.160 |              177.240 |           34.760 |           95.880
3000     |          573.600 |          332.000 |              228.160 |           60.560 |          146.260
3500     |          658.100 |          393.740 |              237.480 |           55.860 |          160.260
4000     |          839.860 |          483.180 |              288.880 |           69.920 |          190.660
4500     |          871.280 |          543.440 |              333.120 |           73.780 |          203.780
5000     |         1026.360 |          564.660 |              329.300 |           94.300 |          219.720
5500     |          941.280 |          578.920 |              373.640 |          126.780 |          268.540
6000     |         1048.900 |          642.040 |              461.820 |          119.080 |          304.600
6500     |         1104.960 |          696.620 |              443.480 |          131.540 |          313.080
7000     |         1252.360 |          724.400 |              476.240 |          156.380 |          324.300
7500     |         1460.520 |         1077.400 |              607.120 |          175.960 |          411.420
8000     |         1493.340 |          859.260 |              590.600 |          161.700 |          406.280
8500     |         1511.080 |          965.320 |              549.880 |          195.020 |          447.680
9000     |         1788.320 |         1075.240 |              570.460 |          216.200 |          434.600
9500     |         1930.800 |         1406.660 |              663.120 |          218.980 |          531.860
10000    |         1743.200 |         1198.800 |              671.540 |          240.760 |          584.900

========================================
Input Pattern: Reverse Sorted
========================================
n        |   TreapSort (us) |      PQSort (us) | Collections.sort(us) |   QuickSort (us) |   MergeSort (us)
----------------------------------------------------------------------------------------------------------
100      |            5.800 |            4.300 |                3.440 |            0.660 |            2.080
200      |           11.340 |           10.260 |                6.500 |            1.360 |            4.440
300      |           16.180 |           16.440 |                2.820 |            1.880 |            6.500
400      |           22.060 |           23.320 |                3.660 |            2.640 |            9.040
500      |           30.700 |           36.380 |                4.820 |            3.240 |           12.480
600      |           34.900 |           47.200 |                5.540 |            4.040 |           41.540
700      |           42.100 |          154.320 |               24.220 |            5.100 |           18.060
800      |           45.000 |           76.980 |               17.440 |            5.960 |           20.100
900      |           50.740 |           80.440 |                7.460 |            6.740 |           25.480
1000     |           60.600 |           93.620 |                8.260 |            7.260 |           27.420
1500     |          100.220 |          280.360 |               12.940 |           11.840 |           49.900
2000     |          127.520 |          209.940 |               16.140 |           14.400 |           58.980
2500     |          176.960 |          316.220 |               29.480 |           27.540 |           81.660
3000     |          214.480 |          338.280 |               34.900 |           26.340 |          180.720
3500     |          241.800 |          495.520 |               15.480 |           39.700 |          154.220
4000     |          344.520 |          565.800 |               13.040 |           32.140 |          140.860
4500     |          300.360 |          510.140 |               14.320 |           37.760 |          172.680
5000     |          337.200 |          700.260 |               15.740 |           40.420 |          175.440
5500     |          404.000 |          710.000 |               21.580 |           56.540 |          287.600
6000     |          508.100 |          750.360 |               26.020 |           54.300 |          239.800
6500     |          607.580 |          913.680 |               37.080 |           70.100 |          312.220
7000     |          660.960 |          978.000 |               68.560 |           84.920 |          261.320
7500     |          813.880 |         1110.440 |               48.280 |           61.480 |          295.480
8000     |          872.820 |          987.240 |               29.960 |           77.040 |          318.840
8500     |          659.300 |         1272.260 |               50.800 |          113.960 |          428.740
9000     |          777.060 |         1194.840 |               29.420 |           81.660 |          333.480
9500     |          684.760 |         1180.880 |               33.960 |          102.860 |          380.480
10000    |          764.700 |         1286.000 |               30.780 |           92.160 |          390.660

